[main]                                     ; main_settings      
ocv_soc_file=OCV_DTS.xlsx
order=2
L=1000
Ts=30

[data_file]
filename=DTS.xlsx
 
[param]
Qn=280
R0=1.00000000000000e-06
R1=0.000307579598812472
C1=50307.4526597254
R2=0.000839579786759450
C2=1132850.03243629
d1=0.925163798985870
d2=0.838403630348363



