[main]                                     ; main_settings      
ocv_soc_file=OCV_DTS.xlsx
order=2
savename=savemat_2order

[data_file]
filename=DTS.xlsx
data_range=A2:E555
use_data_num=553
 
[init]
R0=0.000300
R1=0.001043 
C1= 49715.73
R2=0.001909 
C2=217487.59
d1=0.8839
d2=0.8408

[sta]
iterations=3     
L=1000
Ts=30

